
failed instances:
- parseError         : 111
- cacheOverflow      : 80
- veryLargeSyntaTree : 23
- stackOverflow      : 12
- regexSyntaxError   : 0

size multipliers:
- mean   : 330.0766901004811
- median : 1.6666666666666667
- max    : 178441.75438596492
- min    : 0.0021570319240724763

memory:
- max heap used : 2354.146553039551 MB
- max rss       : 2755.58203125 MB
