
failed instances:
- parseError         : 111
- cacheOverflow      : 80
- veryLargeSyntaTree : 22
- stackOverflow      : 12
- regexSyntaxError   : 0

size multipliers:
- mean   : 315.30197540687936
- median : 1.6666666666666667
- max    : 179880.1052631579
- min    : 0.0021570319240724763

memory:
- max heap used : 2412.567398071289 MB
- max rss       : 2797.00390625 MB
