
failed instances:
- parseError         : 45
- cacheOverflow      : 89
- veryLargeSyntaTree : 24
- stackOverflow      : 12
- regexSyntaxError   : 0

size multipliers:
- mean   : 323.8333568093031
- median : 1.1923076923076923
- max    : 178441.75438596492
- min    : 0.0021570319240724763

memory:
- max heap used : 2370.280075073242 MB
- max rss       : 2722.53515625 MB
