
failed instances:
- parseError         : 45
- cacheOverflow      : 89
- veryLargeSyntaTree : 24
- stackOverflow      : 12
- regexSyntaxError   : 0

size multipliers:
- mean   : 323.9035686487585
- median : 1.2692307692307692
- max    : 178441.7894736842
